#Reward Function.
0.0000  0.0000  0.0000  0.0000  0.0000  0.0000  0.0000  0.0020  0.0040  0.0061  0.0121  0.0202  0.0282  0.0383  0.0383  0.0538  0.0383  0.0383  0.0282  0.0121  0.0081  0.0040  0.0020  0.0000  0.0097  0.0260  0.0471  0.0731  0.1315  0.2257  0.2257  0.1315  0.0731  0.0471  0.0260  0.0049  0.0000  0.0000  0.0000  0.0000  0.0000  0.0000  0.0000  0.0000  0.0000  0.0000  0.0000  0.0000  0.0000  0.0000 
0.0000  0.0000  0.0000  0.0000  0.0000  0.0000  0.0000  0.0020  0.0061  0.0121  0.0202  0.0383  0.0538  0.0800  0.0800  0.1163  0.0800  0.0538  0.0383  0.0282  0.0121  0.0081  0.0040  0.0069  0.0260  0.0731  0.1315  0.2257  0.3686  0.5797  0.5797  0.3686  0.2257  0.1315  0.0471  0.0260  0.0049  0.0000  0.0000  0.0000  0.0000  0.0000  0.0000  0.0000  0.0000  0.0000  0.0000  0.0000  0.0000  0.0000 
0.0000  0.0000  0.0000  0.0000  0.0000  0.0000  0.0020  0.0040  0.0081  0.0202  0.0282  0.0538  0.0800  0.1695  0.1695  0.2495  0.1695  0.1163  0.0800  0.0383  0.0202  0.0081  0.0061  0.0118  0.0501  0.1346  0.2257  0.5797  0.8704  1.2488  1.2488  0.8704  0.5797  0.2257  0.1315  0.0471  0.0097  0.0000  0.0000  0.0000  0.0000  0.0000  0.0000  0.0000  0.0000  0.0000  0.0000  0.0000  0.0000  0.0000 
0.0000  0.0000  0.0000  0.0000  0.0000  0.0000  0.0020  0.0040  0.0081  0.0202  0.0383  0.0800  0.1695  0.2495  0.3544  0.4848  0.3544  0.1695  0.1163  0.0538  0.0282  0.0151  0.0170  0.0341  0.0892  0.2419  0.5858  0.8765  1.7017  2.1598  1.6986  1.2488  0.8704  0.3686  0.1315  0.0731  0.0260  0.0049  0.0000  0.0000  0.0000  0.0000  0.0000  0.0000  0.0000  0.0000  0.0000  0.0000  0.0000  0.0000 
0.0000  0.0000  0.0000  0.0000  0.0000  0.0000  0.0020  0.0061  0.0121  0.0282  0.0538  0.1163  0.2495  0.4848  0.8358  2.0166  0.4848  0.3544  0.1695  0.0800  0.0444  0.0363  0.0423  0.0593  0.1206  0.2712  0.6091  1.2781  2.1760  2.7245  2.5219  2.1598  1.2488  0.5797  0.2257  0.0731  0.0260  0.0049  0.0000  0.0000  0.0000  0.0000  0.0000  0.0000  0.0000  0.0000  0.0000  0.0000  0.0000  0.0000 
0.0000  0.0000  0.0000  0.0000  0.0000  0.0000  0.0020  0.0061  0.0121  0.0282  0.0538  0.1163  0.2495  0.4848  2.0166  2.6460  0.8358  0.3544  0.1695  0.0861  0.0545  0.0495  0.0997  0.1330  0.2741  0.5091  0.9523  1.7805  2.5513  2.6859  2.7245  2.1598  1.2488  0.5797  0.2257  0.0731  0.0260  0.0049  0.0000  0.0000  0.0000  0.0000  0.0076  0.0229  0.0229  0.0229  0.0076  0.0000  0.0000  0.0000 
0.0000  0.0000  0.0000  0.0000  0.0000  0.0000  0.0020  0.0061  0.0121  0.0282  0.0538  0.1163  0.2495  0.3544  0.8358  0.8358  0.4848  0.2495  0.1194  0.0962  0.0838  0.1021  0.1534  0.2595  0.4360  0.5866  0.8092  1.3893  2.2417  2.5674  2.5381  2.1628  1.2488  0.5797  0.2257  0.0731  0.0260  0.0049  0.0000  0.0000  0.0000  0.0229  0.0459  0.1071  0.1071  0.1071  0.0459  0.0229  0.0000  0.0000 
0.0000  0.0000  0.0000  0.0000  0.0000  0.0000  0.0020  0.0040  0.0081  0.0202  0.0383  0.0800  0.1695  0.2495  0.3544  0.3544  0.3544  0.1695  0.1224  0.0831  0.1101  0.1526  0.3718  0.5698  0.8504  1.0031  0.9104  1.2313  1.3893  1.7805  1.7279  1.2549  0.8704  0.3686  0.1315  0.0471  0.0260  0.0049  0.0000  0.0000  0.0076  0.0459  0.1071  0.2065  0.3518  0.3518  0.2065  0.0459  0.0229  0.0000 
0.0000  0.0000  0.0000  0.0000  0.0000  0.0000  0.0020  0.0040  0.0081  0.0121  0.0282  0.0538  0.0800  0.1163  0.1695  0.1695  0.1695  0.1194  0.0700  0.0838  0.1607  0.3689  0.5458  1.0691  1.3915  1.4760  1.2831  1.1216  1.2313  1.0109  0.9159  0.5959  0.3717  0.2257  0.0731  0.0471  0.0097  0.0000  0.0000  0.0076  0.0229  0.1071  0.3518  0.5506  0.7494  0.5506  0.3518  0.2065  0.0459  0.0076 
0.0000  0.0000  0.0000  0.0000  0.0000  0.0000  0.0000  0.0020  0.0061  0.0081  0.0202  0.0282  0.0538  0.0800  0.0800  0.0800  0.0800  0.0568  0.0545  0.0657  0.1526  0.3669  0.7814  1.3541  1.7209  1.7420  1.4787  1.0031  0.7295  0.5091  0.4141  0.3848  0.2288  0.0731  0.0471  0.0097  0.0049  0.0000  0.0000  0.0076  0.0459  0.2065  0.5506  0.9253  1.0095  0.9253  0.5506  0.2065  0.0459  0.0076 
0.0000  0.0000  0.0000  0.0000  0.0000  0.0000  0.0000  0.0020  0.0020  0.0061  0.0081  0.0202  0.0282  0.0383  0.0383  0.0383  0.0383  0.0313  0.0363  0.0576  0.1486  0.3677  0.7849  1.3555  1.7081  1.7292  1.4026  0.8560  0.4952  0.2720  0.1770  0.1477  0.0761  0.0471  0.0260  0.0049  0.0000  0.0000  0.0000  0.0076  0.0459  0.2065  0.5506  0.9253  0.9865  1.0095  0.7494  0.3518  0.1071  0.0229 
0.0000  0.0000  0.0000  0.0000  0.0000  0.0000  0.0000  0.0000  0.0020  0.0040  0.0061  0.0081  0.0121  0.0202  0.0202  0.0202  0.0202  0.0151  0.0242  0.0515  0.1473  0.3684  0.7884  1.3694  1.6197  1.6246  1.3791  0.8144  0.4135  0.1904  0.0926  0.0633  0.0290  0.0220  0.0171  0.0123  0.0000  0.0000  0.0000  0.0076  0.0459  0.2065  0.5506  0.7494  0.9253  0.7494  0.5506  0.2065  0.0459  0.0076 
0.0000  0.0000  0.0000  0.0000  0.0000  0.0000  0.0000  0.0000  0.0015  0.0036  0.0036  0.0056  0.0076  0.0081  0.0081  0.0081  0.0081  0.0091  0.0244  0.0517  0.0917  0.2566  0.5917  0.8660  1.2015  1.2015  0.8709  0.5966  0.2641  0.0972  0.0552  0.0259  0.0202  0.0737  0.2210  0.2210  0.0737  0.0123  0.0000  0.0000  0.0229  0.1071  0.2065  0.5506  0.5506  0.5506  0.3518  0.1071  0.0229  0.0076 
0.0000  0.0000  0.0000  0.0000  0.0000  0.0000  0.0015  0.0031  0.0082  0.0082  0.0102  0.0102  0.0051  0.0071  0.0056  0.0040  0.0063  0.0065  0.0199  0.0460  0.0684  0.2022  0.3226  0.5709  0.8134  0.8134  0.5687  0.3181  0.1904  0.0566  0.0321  0.0183  0.2210  0.5647  1.1478  1.1478  0.5647  0.0737  0.0000  0.0000  0.0076  0.0229  0.1071  0.2065  0.2065  0.2065  0.1071  0.0459  0.0076  0.0000 
0.0000  0.0000  0.0000  0.0000  0.0000  0.0031  0.0082  0.0149  0.0231  0.0231  0.0231  0.0231  0.0149  0.0102  0.0051  0.0080  0.0139  0.0235  0.0364  0.0523  0.0737  0.1287  0.3061  0.4240  0.5776  0.5753  0.4121  0.2846  0.0954  0.0404  0.0189  0.0767  0.5647  2.1422  4.0757  2.1422  1.1478  0.2210  0.0123  0.0000  0.0000  0.0076  0.0229  0.0459  0.0459  0.0459  0.0229  0.0076  0.0000  0.0000 
0.0000  0.0000  0.0000  0.0000  0.0031  0.0082  0.0149  0.0415  0.0713  0.0713  0.0713  0.0713  0.0415  0.0231  0.0193  0.0149  0.0349  0.0600  0.1029  0.1087  0.1302  0.1821  0.2496  0.3868  0.4470  0.4300  0.3557  0.1896  0.0792  0.0273  0.0058  0.0737  0.5647  2.1422  4.9228  4.0757  1.1478  0.2210  0.0123  0.0000  0.0000  0.0000  0.0000  0.0076  0.0076  0.0076  0.0000  0.0000  0.0000  0.0000 
0.0000  0.0000  0.0000  0.0015  0.0082  0.0149  0.0415  0.0713  0.1164  0.1830  0.1830  0.1830  0.1164  0.0735  0.0349  0.0482  0.0631  0.1681  0.2644  0.2671  0.2785  0.3203  0.3284  0.2972  0.3841  0.3626  0.2416  0.1603  0.0560  0.0141  0.0028  0.0123  0.2210  1.1478  2.1422  2.1422  0.5647  0.0737  0.0123  0.0000  0.0000  0.0000  0.0000  0.0000  0.0000  0.0000  0.0000  0.0000  0.0000  0.0000 
0.0000  0.0000  0.0000  0.0031  0.0149  0.0231  0.0713  0.1830  0.2748  0.3942  0.3942  0.3942  0.2748  0.1208  0.0927  0.0831  0.1763  0.2659  0.3969  0.5695  0.5750  0.5944  0.3561  0.3183  0.2739  0.2354  0.1620  0.0939  0.0249  0.0055  0.0000  0.0000  0.0737  0.2210  0.5647  0.5647  0.2210  0.0123  0.0000  0.0000  0.0000  0.0000  0.0000  0.0000  0.0000  0.0000  0.0000  0.0000  0.0000  0.0000 
0.0000  0.0000  0.0000  0.0031  0.0149  0.0415  0.1164  0.2748  0.5363  0.6819  0.6819  0.5363  0.3965  0.1949  0.1046  0.1445  0.2792  0.4000  0.7746  0.9849  0.9877  0.7857  0.5944  0.3143  0.1916  0.1220  0.0617  0.0272  0.0111  0.0028  0.0000  0.0000  0.0000  0.0123  0.0737  0.0737  0.0123  0.0000  0.0000  0.0000  0.0000  0.0000  0.0000  0.0000  0.0000  0.0000  0.0000  0.0000  0.0000  0.0000 
0.0000  0.0000  0.0015  0.0082  0.0231  0.0713  0.1830  0.3942  0.6819  0.7962  0.8582  0.7962  0.5385  0.2866  0.1497  0.1445  0.2792  0.5726  0.9849  1.2397  1.2397  0.9877  0.7802  0.4080  0.1930  0.0849  0.0326  0.0078  0.0028  0.0000  0.0000  0.0000  0.0000  0.0000  0.0000  0.0000  0.0000  0.0000  0.0000  0.0000  0.0000  0.0000  0.0000  0.0000  0.0000  0.0000  0.0000  0.0000  0.0000  0.0000 
0.0000  0.0000  0.0015  0.0082  0.0231  0.0713  0.1830  0.3942  0.6819  0.8582  0.8428  0.7962  0.5385  0.2866  0.1497  0.1445  0.2792  0.5726  0.9849  1.2397  1.2397  1.1501  0.7774  0.3997  0.1736  0.0655  0.0242  0.0072  0.0000  0.0000  0.0000  0.0000  0.0000  0.0000  0.0000  0.0000  0.0000  0.0000  0.0000  0.0000  0.0000  0.0000  0.0000  0.0000  0.0000  0.0000  0.0000  0.0000  0.0000  0.0000 
0.0000  0.0000  0.0000  0.0031  0.0149  0.0415  0.1164  0.2748  0.5363  0.6819  0.7962  0.6819  0.3965  0.1949  0.1497  0.1445  0.2792  0.5726  0.7746  0.9849  1.1501  0.7746  0.5695  0.2644  0.1029  0.0333  0.0118  0.0022  0.0000  0.0000  0.0000  0.0000  0.0000  0.0000  0.0000  0.0000  0.0000  0.0000  0.0000  0.0000  0.0000  0.0000  0.0000  0.0000  0.0000  0.0000  0.0000  0.0000  0.0000  0.0000 
0.0000  0.0000  0.0000  0.0031  0.0149  0.0415  0.0713  0.1830  0.2748  0.3942  0.5363  0.3942  0.2748  0.1208  0.0927  0.0831  0.1763  0.2659  0.5695  0.7746  0.7746  0.5695  0.3969  0.1681  0.0600  0.0333  0.0118  0.0051  0.0029  0.0058  0.0029  0.0029  0.0029  0.0000  0.0000  0.0000  0.0000  0.0000  0.0000  0.0000  0.0000  0.0000  0.0000  0.0000  0.0000  0.0000  0.0000  0.0000  0.0000  0.0000 
0.0000  0.0000  0.0000  0.0015  0.0082  0.0231  0.0415  0.1164  0.1830  0.1830  0.2748  0.1830  0.1164  0.0735  0.0534  0.0482  0.0631  0.1681  0.2644  0.3969  0.3969  0.2644  0.1681  0.1029  0.0333  0.0244  0.0102  0.0155  0.0155  0.0280  0.0280  0.0155  0.0155  0.0058  0.0029  0.0000  0.0000  0.0000  0.0000  0.0000  0.0000  0.0000  0.0000  0.0000  0.0000  0.0000  0.0000  0.0000  0.0000  0.0000 
0.0000  0.0000  0.0000  0.0000  0.0031  0.0082  0.0231  0.0415  0.0713  0.0713  0.1164  0.0713  0.0713  0.0415  0.0193  0.0297  0.0349  0.0600  0.1029  0.1681  0.1681  0.1029  0.0600  0.0333  0.0244  0.0102  0.0302  0.0435  0.0435  0.0783  0.0783  0.0435  0.0280  0.0155  0.0058  0.0029  0.0000  0.0000  0.0000  0.0000  0.0000  0.0000  0.0000  0.0000  0.0000  0.0000  0.0000  0.0000  0.0000  0.0000 
0.0000  0.0000  0.0000  0.0000  0.0000  0.0031  0.0082  0.0149  0.0231  0.0231  0.0415  0.0231  0.0231  0.0149  0.0104  0.0060  0.0118  0.0215  0.0333  0.0600  0.0600  0.0333  0.0333  0.0244  0.0102  0.0302  0.0435  0.0783  0.1343  0.2193  0.2193  0.1343  0.0783  0.0435  0.0280  0.0058  0.0000  0.0000  0.0000  0.0000  0.0000  0.0000  0.0000  0.0000  0.0000  0.0000  0.0000  0.0000  0.0000  0.0000 
0.0000  0.0000  0.0000  0.0000  0.0000  0.0000  0.0015  0.0031  0.0082  0.0082  0.0149  0.0082  0.0082  0.0031  0.0015  0.0022  0.0044  0.0118  0.0118  0.0215  0.0215  0.0118  0.0118  0.0102  0.0302  0.0435  0.1343  0.2193  0.3449  0.5179  0.5179  0.3449  0.2193  0.0783  0.0435  0.0155  0.0029  0.0000  0.0000  0.0000  0.0000  0.0000  0.0000  0.0000  0.0000  0.0000  0.0000  0.0000  0.0000  0.0000 
0.0000  0.0000  0.0000  0.0000  0.0000  0.0000  0.0000  0.0015  0.0015  0.0015  0.0031  0.0015  0.0015  0.0000  0.0000  0.0000  0.0000  0.0022  0.0022  0.0022  0.0044  0.0022  0.0051  0.0155  0.0435  0.0783  0.2193  0.5179  0.7430  1.0107  1.0107  0.7430  0.3449  0.2193  0.0783  0.0280  0.0058  0.0000  0.0000  0.0000  0.0000  0.0000  0.0000  0.0000  0.0000  0.0000  0.0000  0.0000  0.0000  0.0000 
0.0000  0.0000  0.0000  0.0000  0.0000  0.0000  0.0000  0.0000  0.0000  0.0000  0.0000  0.0000  0.0000  0.0000  0.0000  0.0000  0.0000  0.0000  0.0000  0.0000  0.0000  0.0000  0.0029  0.0155  0.0435  0.1343  0.3449  0.7430  1.0107  1.5006  1.2851  1.0107  0.7430  0.3449  0.1343  0.0435  0.0155  0.0029  0.0000  0.0000  0.0000  0.0000  0.0000  0.0000  0.0000  0.0000  0.0000  0.0000  0.0000  0.0000 
0.0000  0.0000  0.0000  0.0000  0.0000  0.0000  0.0000  0.0000  0.0078  0.0078  0.0078  0.0078  0.0000  0.0000  0.0000  0.0000  0.0000  0.0000  0.0000  0.0000  0.0000  0.0000  0.0058  0.0280  0.0783  0.2193  0.5179  1.0107  1.5006  1.6175  1.6175  1.2851  0.7430  0.3449  0.1343  0.0435  0.0155  0.0029  0.0000  0.0000  0.0000  0.0000  0.0000  0.0000  0.0000  0.0000  0.0000  0.0000  0.0000  0.0000 
0.0000  0.0000  0.0000  0.0000  0.0000  0.0078  0.0078  0.0078  0.0157  0.0157  0.0157  0.0157  0.0078  0.0078  0.0078  0.0000  0.0000  0.0000  0.0000  0.0000  0.0000  0.0000  0.0029  0.0280  0.0783  0.2193  0.5179  1.0107  1.2851  1.6175  1.6175  1.2851  0.7430  0.3449  0.1343  0.0435  0.0155  0.0029  0.0000  0.0000  0.0000  0.0000  0.0000  0.0000  0.0000  0.0000  0.0000  0.0000  0.0000  0.0000 
0.0000  0.0000  0.0000  0.0000  0.0078  0.0078  0.0157  0.0157  0.0314  0.0314  0.0314  0.0314  0.0157  0.0157  0.0157  0.0078  0.0078  0.0000  0.0000  0.0000  0.0000  0.0000  0.0029  0.0155  0.0435  0.1343  0.3449  0.7430  1.0107  1.2851  1.2851  1.0107  0.5179  0.3449  0.1343  0.0435  0.0155  0.0029  0.0000  0.0000  0.0000  0.0000  0.0000  0.0000  0.0000  0.0000  0.0000  0.0000  0.0000  0.0000 
0.0000  0.0000  0.0000  0.0078  0.0157  0.0157  0.0314  0.0392  0.0628  0.0628  0.0628  0.0628  0.0392  0.0392  0.0314  0.0157  0.0078  0.0078  0.0000  0.0000  0.0000  0.0000  0.0029  0.0155  0.0280  0.0783  0.2193  0.3449  0.7430  0.7430  0.7430  0.5179  0.3449  0.2193  0.0783  0.0280  0.0058  0.0000  0.0000  0.0000  0.0000  0.0000  0.0000  0.0000  0.0000  0.0000  0.0000  0.0000  0.0000  0.0000 
0.0000  0.0000  0.0078  0.0157  0.0157  0.0392  0.0628  0.0785  0.0785  0.1099  0.1099  0.1099  0.0785  0.0628  0.0392  0.0314  0.0157  0.0078  0.0078  0.0000  0.0000  0.0000  0.0000  0.0058  0.0155  0.0435  0.0783  0.2193  0.3449  0.3449  0.3449  0.3449  0.2193  0.0783  0.0435  0.0155  0.0029  0.0000  0.0000  0.0000  0.0000  0.0000  0.0000  0.0000  0.0000  0.0000  0.0000  0.0000  0.0000  0.0000 
0.0000  0.0078  0.0157  0.0157  0.0392  0.0628  0.0785  0.1413  0.1413  0.1805  0.1805  0.1805  0.1413  0.1099  0.0785  0.0628  0.0314  0.0157  0.0078  0.0000  0.0000  0.0000  0.0000  0.0029  0.0058  0.0280  0.0435  0.0783  0.1343  0.1343  0.1343  0.1343  0.0783  0.0435  0.0155  0.0058  0.0000  0.0000  0.0000  0.0000  0.0000  0.0000  0.0000  0.0000  0.0000  0.0000  0.0000  0.0000  0.0000  0.0000 
0.0000  0.0078  0.0157  0.0314  0.0628  0.1099  0.1413  0.1805  0.2332  0.2971  0.2971  0.2971  0.2332  0.1805  0.1099  0.0785  0.0392  0.0314  0.0157  0.0078  0.0000  0.0000  0.0000  0.0000  0.0029  0.0058  0.0155  0.0280  0.0435  0.0435  0.0435  0.0435  0.0280  0.0155  0.0058  0.0000  0.0000  0.0000  0.0000  0.0000  0.0000  0.0000  0.0000  0.0000  0.0000  0.0000  0.0000  0.0000  0.0000  0.0000 
0.0078  0.0157  0.0157  0.0392  0.0785  0.1413  0.1805  0.2971  0.3857  0.4945  0.4945  0.4945  0.3857  0.2332  0.1805  0.1099  0.0628  0.0392  0.0157  0.0078  0.0000  0.0000  0.0000  0.0000  0.0000  0.0000  0.0029  0.0058  0.0155  0.0155  0.0155  0.0155  0.0058  0.0029  0.0000  0.0000  0.0000  0.0000  0.0000  0.0000  0.0000  0.0000  0.0000  0.0000  0.0000  0.0000  0.0000  0.0000  0.0000  0.0000 
0.0078  0.0157  0.0314  0.0628  0.1099  0.1805  0.2971  0.3857  0.6481  0.8308  0.8308  0.6481  0.4945  0.3857  0.2332  0.1413  0.0785  0.0392  0.0157  0.0078  0.0000  0.0000  0.0000  0.0000  0.0000  0.0000  0.0000  0.0000  0.0029  0.0029  0.0029  0.0029  0.0000  0.0000  0.0000  0.0000  0.0000  0.0000  0.0000  0.0000  0.0000  0.0000  0.0000  0.0000  0.0000  0.0000  0.0000  0.0000  0.0000  0.0000 
0.0078  0.0157  0.0392  0.0785  0.1413  0.2332  0.2971  0.4945  0.8308  1.2031  1.2031  1.0360  0.6481  0.4945  0.2971  0.1805  0.1099  0.0628  0.0314  0.0157  0.0078  0.0000  0.0000  0.0000  0.0000  0.0000  0.0000  0.0000  0.0000  0.0000  0.0000  0.0000  0.0000  0.0000  0.0000  0.0000  0.0000  0.0000  0.0000  0.0000  0.0000  0.0000  0.0000  0.0000  0.0000  0.0000  0.0000  0.0000  0.0000  0.0000 
0.0078  0.0157  0.0392  0.0785  0.1413  0.2332  0.3857  0.6481  1.0360  1.2928  1.2737  1.2031  0.8308  0.4945  0.2971  0.1805  0.1099  0.0628  0.0314  0.0157  0.0078  0.0000  0.0000  0.0000  0.0000  0.0000  0.0000  0.0000  0.0000  0.0000  0.0000  0.0000  0.0000  0.0000  0.0000  0.0000  0.0000  0.0000  0.0000  0.0000  0.0000  0.0000  0.0000  0.0000  0.0000  0.0000  0.0000  0.0000  0.0000  0.0000 
0.0078  0.0157  0.0392  0.0785  0.1413  0.2332  0.3857  0.6481  1.0360  1.2031  1.2928  1.2031  0.8308  0.4945  0.2971  0.1805  0.1099  0.0628  0.0314  0.0157  0.0078  0.0000  0.0000  0.0000  0.0000  0.0000  0.0000  0.0000  0.0000  0.0000  0.0000  0.0000  0.0000  0.0000  0.0000  0.0000  0.0000  0.0000  0.0000  0.0000  0.0000  0.0000  0.0000  0.0000  0.0000  0.0000  0.0000  0.0000  0.0000  0.0000 
0.0078  0.0157  0.0314  0.0628  0.1099  0.1805  0.2971  0.4945  0.6481  1.0360  1.0360  0.8308  0.6481  0.3857  0.2332  0.1413  0.0785  0.0628  0.0314  0.0157  0.0078  0.0000  0.0000  0.0000  0.0000  0.0000  0.0000  0.0000  0.0000  0.0000  0.0000  0.0000  0.0000  0.0000  0.0000  0.0000  0.0000  0.0000  0.0000  0.0000  0.0000  0.0000  0.0000  0.0000  0.0000  0.0000  0.0000  0.0000  0.0000  0.0000 
0.0078  0.0157  0.0314  0.0628  0.0785  0.1413  0.2332  0.2971  0.4945  0.6481  0.6481  0.4945  0.3857  0.2971  0.1805  0.1413  0.0785  0.0392  0.0157  0.0078  0.0000  0.0000  0.0000  0.0000  0.0000  0.0000  0.0000  0.0000  0.0000  0.0000  0.0000  0.0000  0.0000  0.0000  0.0000  0.0000  0.0000  0.0000  0.0000  0.0000  0.0000  0.0000  0.0000  0.0000  0.0000  0.0000  0.0000  0.0000  0.0000  0.0000 
0.0000  0.0078  0.0157  0.0392  0.0628  0.1099  0.1805  0.2332  0.2971  0.3857  0.3857  0.2971  0.2971  0.1805  0.1413  0.0785  0.0628  0.0314  0.0157  0.0078  0.0000  0.0000  0.0000  0.0000  0.0000  0.0000  0.0000  0.0000  0.0000  0.0000  0.0000  0.0000  0.0000  0.0000  0.0000  0.0000  0.0000  0.0000  0.0000  0.0000  0.0000  0.0000  0.0000  0.0000  0.0000  0.0000  0.0000  0.0000  0.0000  0.0000 
0.0000  0.0078  0.0157  0.0314  0.0392  0.0785  0.1099  0.1413  0.1805  0.2332  0.2332  0.2332  0.1805  0.1413  0.1099  0.0628  0.0392  0.0157  0.0078  0.0078  0.0000  0.0000  0.0000  0.0000  0.0000  0.0000  0.0000  0.0000  0.0000  0.0000  0.0000  0.0000  0.0000  0.0000  0.0000  0.0000  0.0000  0.0000  0.0000  0.0000  0.0000  0.0000  0.0000  0.0000  0.0000  0.0000  0.0000  0.0000  0.0000  0.0000 
0.0000  0.0000  0.0078  0.0157  0.0314  0.0392  0.0628  0.0785  0.1099  0.1413  0.1413  0.1413  0.1099  0.0785  0.0628  0.0392  0.0157  0.0157  0.0078  0.0000  0.0000  0.0000  0.0000  0.0000  0.0000  0.0000  0.0000  0.0000  0.0000  0.0000  0.0000  0.0000  0.0000  0.0000  0.0000  0.0000  0.0000  0.0000  0.0000  0.0000  0.0000  0.0000  0.0000  0.0000  0.0000  0.0000  0.0000  0.0000  0.0000  0.0000 
0.0000  0.0000  0.0078  0.0078  0.0157  0.0314  0.0392  0.0628  0.0628  0.0785  0.0785  0.0785  0.0628  0.0392  0.0314  0.0157  0.0157  0.0078  0.0000  0.0000  0.0000  0.0000  0.0000  0.0000  0.0000  0.0000  0.0000  0.0000  0.0000  0.0000  0.0000  0.0000  0.0000  0.0000  0.0000  0.0000  0.0000  0.0000  0.0000  0.0000  0.0000  0.0000  0.0000  0.0000  0.0000  0.0000  0.0000  0.0000  0.0000  0.0000 
0.0000  0.0000  0.0000  0.0078  0.0078  0.0157  0.0157  0.0314  0.0314  0.0392  0.0392  0.0392  0.0314  0.0157  0.0157  0.0157  0.0078  0.0000  0.0000  0.0000  0.0000  0.0000  0.0000  0.0000  0.0000  0.0000  0.0000  0.0000  0.0000  0.0000  0.0000  0.0000  0.0000  0.0000  0.0000  0.0000  0.0000  0.0000  0.0000  0.0000  0.0000  0.0000  0.0000  0.0000  0.0000  0.0000  0.0000  0.0000  0.0000  0.0000 
0.0000  0.0000  0.0000  0.0000  0.0000  0.0078  0.0078  0.0157  0.0157  0.0157  0.0157  0.0157  0.0157  0.0157  0.0078  0.0078  0.0000  0.0000  0.0000  0.0000  0.0000  0.0000  0.0000  0.0000  0.0000  0.0000  0.0000  0.0000  0.0000  0.0000  0.0000  0.0000  0.0000  0.0000  0.0000  0.0000  0.0000  0.0000  0.0000  0.0000  0.0000  0.0000  0.0000  0.0000  0.0000  0.0000  0.0000  0.0000  0.0000  0.0000 
0.0000  0.0000  0.0000  0.0000  0.0000  0.0000  0.0000  0.0078  0.0078  0.0078  0.0078  0.0078  0.0078  0.0078  0.0000  0.0000  0.0000  0.0000  0.0000  0.0000  0.0000  0.0000  0.0000  0.0000  0.0000  0.0000  0.0000  0.0000  0.0000  0.0000  0.0000  0.0000  0.0000  0.0000  0.0000  0.0000  0.0000  0.0000  0.0000  0.0000  0.0000  0.0000  0.0000  0.0000  0.0000  0.0000  0.0000  0.0000  0.0000  0.0000 
