0.001   0.002   0.003   0.004   0.005   0.006   0.007   0.008   0.009   0.010  
0.002   0.004   0.006   0.008   0.010   0.012   0.014   0.016   0.018   0.020  
0.003   0.006   0.009   0.012   0.015   0.018   0.021   0.024   0.027   0.030  
0.004   0.008   0.012   0.016   0.020   0.024   0.028   0.032   0.036   0.040  
0.005   0.010   0.015   0.020   0.025   0.030   0.035   0.040   0.045   0.050  
0.006   0.012   0.018   0.024   0.030   0.036   0.042   0.048   0.054   0.060  
0.007   0.014   0.021   0.028   0.035   0.042   0.049   0.056   0.063   0.070  
0.008   0.016   0.024   0.032   0.040   0.048   0.056   0.064   0.072   0.080  
0.009   0.018   0.027   0.036   0.045   0.054   0.063   0.072   0.081   0.090  
0.010   0.020   0.030   0.040   0.050   0.060   0.070   0.080   0.090   0.100  
0.011   0.022   0.033   0.044   0.055   0.066   0.077   0.088   0.099   0.110  
0.012   0.024   0.036   0.048   0.060   0.072   0.084   0.096   0.108   0.120  
0.013   0.026   0.039   0.052   0.065   0.078   0.091   0.104   0.117   0.130  
0.014   0.028   0.042   0.056   0.070   0.084   0.098   0.112   0.126   0.140  
0.015   0.030   0.045   0.060   0.075   0.090   0.105   0.120   0.135   0.150  
0.016   0.032   0.048   0.064   0.080   0.096   0.112   0.128   0.144   0.160  
0.017   0.034   0.051   0.068   0.085   0.102   0.119   0.136   0.153   0.170  
0.018   0.036   0.054   0.072   0.090   0.108   0.126   0.144   0.162   0.180  
0.019   0.038   0.057   0.076   0.095   0.114   0.133   0.152   0.171   0.190  
0.020   0.040   0.060   0.080   0.100   0.120   0.140   0.160   0.180   0.200  
